9997
9967
9961
9940
9931
9929
9916
9913
9905
9897
9880
9876
9866
9865
9861
9831
9802
9794
9789
9764
9750
9737
9734
9733
9726
9724
9702
9701
9687
9686
9667
9661
9652
9621
9607
9594
9585
9566
9560
9557
9550
9524
9503
9499
9497
9491
9488
9485
9482
9475
9472
9458
9432
9425
9379
9377
9376
9375
9358
9353
9346
9342
9335
9323
9295
9289
9288
9287
9279
9272
9271
9266
9259
9224
9215
9179
9176
9162
9138
9134
9133
9111
9099
9097
9085
9071
9031
9009
8990
8978
8974
8967
8966
8962
8947
8898
8884
8873
8870
8868
8867
8861
8854
8841
8834
8827
8823
8819
8816
8810
8809
8807
8794
8778
8769
8724
8711
8705
8702
8688
8681
8677
8674
8668
8664
8653
8652
8637
8627
8611
8585
8584
8577
8571
8565
8539
8533
8528
8526
8525
8493
8458
8457
8455
8451
8440
8436
8416
8415
8407
8401
8384
8379
8377
8367
8344
8340
8336
8334
8325
8270
8259
8254
8237
8234
8225
8211
8198
8145
8143
8129
8120
8094
8090
8080
8074
8067
8051
8037
8002
8000
7991
7988
7986
7974
7958
7954
7951
7943
7940
7900
7899
7895
7882
7861
7853
7841
7839
7828
7779
7765
7758
7754
7740
7731
7728
7717
7714
7707
7701
7694
7677
7671
7665
7655
7652
7639
7632
7613
7609
7598
7592
7589
7556
7534
7524
7514
7505
7484
7481
7469
7456
7442
7432
7418
7409
7407
7390
7389
7385
7382
7376
7366
7365
7355
7354
7342
7329
7319
7318
7315
7311
7302
7298
7296
7294
7293
7286
7256
7255
7253
7246
7225
7220
7216
7208
7199
7181
7173
7169
7163
7153
7138
7109
7108
7104
7096
7088
7063
7053
7012
6993
6981
6978
6970
6956
6944
6929
6924
6910
6896
6884
6881
6868
6864
6858
6852
6851
6846
6844
6836
6833
6829
6813
6812
6801
6795
6783
6756
6715
6694
6693
6690
6663
6648
6643
6634
6633
6617
6615
6609
6595
6579
6542
6533
6527
6516
6509
6508
6507
6493
6475
6467
6442
6402
6397
6395
6392
6390
6363
6350
6343
6338
6330
6314
6288
6287
6283
6275
6265
6255
6239
6237
6230
6218
6217
6212
6203
6195
6192
6174
6172
6171
6141
6108
6107
6092
6088
6071
6040
6011
6000
5992
5958
5917
5908
5897
5888
5879
5867
5857
5833
5828
5795
5770
5766
5748
5740
5723
5717
5710
5709
5707
5699
5698
5675
5669
5666
5664
5655
5650
5647
5645
5637
5618
5616
5615
5605
5598
5594
5589
5587
5577
5571
5551
5545
5537
5522
5516
5512
5483
5477
5473
5472
5463
5461
5458
5452
5448
5444
5398
5392
5391
5390
5387
5372
5353
5348
5329
5325
5316
5315
5309
5282
5276
5275
5267
5258
5250
5240
5239
5236
5235
5210
5196
5184
5176
5175
5170
5149
5136
5128
5125
5124
5111
5091
5083
5075
5068
5064
5057
5055
5050
5045
5042
5040
5005
4985
4978
4969
4955
4953
4951
4948
4944
4943
4922
4921
4918
4917
4910
4905
4904
4900
4897
4888
4878
4867
4854
4853
4851
4848
4837
4835
4830
4821
4807
4769
4767
4761
4759
4753
4751
4748
4739
4718
4702
4696
4695
4654
4652
4623
4586
4580
4573
4572
4553
4533
4518
4513
4504
4496
4494
4491
4468
4455
4412
4395
4388
4367
4354
4348
4312
4309
4294
4268
4266
4254
4248
4223
4222
4216
4206
4169
4158
4152
4144
4136
4128
4121
4106
4103
4099
4098
4097
4078
4076
4053
4051
4046
4032
4029
4027
4026
4021
4016
4013
4011
4008
3993
3974
3971
3944
3943
3936
3928
3899
3894
3881
3879
3877
3857
3823
3822
3818
3793
3777
3769
3763
3762
3759
3757
3752
3732
3721
3703
3700
3698
3685
3678
3675
3658
3655
3649
3646
3642
3630
3626
3597
3588
3583
3572
3562
3560
3559
3551
3541
3534
3533
3517
3499
3494
3490
3485
3470
3452
3439
3438
3434
3432
3431
3414
3393
3376
3364
3360
3351
3342
3340
3336
3319
3298
3293
3287
3274
3261
3247
3246
3242
3236
3213
3212
3211
3202
3201
3193
3185
3181
3177
3170
3165
3163
3160
3154
3114
3087
3085
3079
3051
3034
3021
3020
3012
2975
2966
2962
2953
2948
2947
2941
2939
2936
2935
2924
2899
2880
2864
2850
2841
2831
2821
2778
2768
2767
2760
2754
2735
2734
2731
2726
2722
2721
2704
2696
2683
2672
2665
2662
2645
2643
2637
2636
2622
2612
2607
2599
2596
2595
2578
2561
2515
2474
2461
2459
2438
2435
2433
2417
2416
2406
2403
2395
2389
2387
2367
2364
2361
2358
2349
2280
2251
2249
2241
2227
2224
2213
2206
2194
2184
2177
2174
2173
2111
2102
2085
2082
2069
2065
2043
2039
2024
2018
2009
2008
2007
2004
2000
1996
1988
1975
1972
1952
1949
1938
1931
1920
1918
1902
1900
1897
1896
1886
1885
1883
1832
1831
1825
1818
1799
1794
1768
1756
1754
1752
1714
1703
1674
1671
1661
1645
1636
1622
1614
1579
1575
1571
1562
1539
1535
1522
1515
1512
1507
1500
1460
1450
1448
1437
1426
1414
1411
1409
1403
1400
1398
1383
1382
1373
1365
1363
1352
1347
1343
1339
1337
1317
1305
1304
1290
1286
1281
1277
1251
1249
1246
1202
1201
1195
1188
1185
1163
1154
1135
1128
1126
1120
1103
1099
1080
1079
1075
1073
1072
1070
1038
1033
1029
1023
1011
1004
998
995
993
977
976
975
972
967
963
939
936
929
908
900
898
888
879
865
864
858
852
850
825
808
803
791
789
773
772
771
770
768
762
757
747
745
730
729
725
713
709
706
702
696
675
666
662
658
654
648
646
622
597
580
560
557
552
549
545
538
532
501
495
494
490
481
480
468
467
456
447
435
427
415
401
369
360
336
330
327
324
309
299
293
287
280
274
268
265
252
247
240
199
197
183
181
178
157
152
139
137
127
113
110
105
98
65
63
55
41
41
36
34
26
20
12
6
4
1
0
