5390
4759
2349
6171
3534
5615
580
1754
8834
5005
6314
9865
3721
6924
3823
4027
2403
5917
8415
7609
8401
1403
6395
7153
6852
7514
4206
105
9497
3211
2953
7481
4921
1703
852
7556
1949
3336
6192
2850
2596
4748
4922
5348
2206
1952
7853
1011
7731
7442
1500
7991
1290
2899
8094
2637
6350
5125
5699
5616
4951
9085
654
9097
6265
8067
9880
8637
4696
7096
5170
4917
9133
5128
4128
9375
8451
7286
7839
1339
5770
3079
6283
36
2975
1831
6330
2416
1277
467
3642
299
415
501
427
7256
6088
7342
4021
5196
20
3974
9934
5867
1714
1535
1818
1799
4897
2767
2936
4769
2024
9358
6868
4216
5282
7954
4910
4969
2358
3541
3087
9750
8090
2962
247
2039
7655
1972
2841
3857
5666
977
5398
1622
7319
9566
6363
4367
447
127
8525
4918
8681
3432
2387
7943
5897
3944
9557
3732
8225
9734
3572
1033
3494
7318
709
3170
3646
1897
199
858
5329
7758
762
2009
287
4830
1515
3658
4016
3201
6648
1365
2174
5908
9259
1023
972
808
1614
3752
4807
1038
9287
1163
8533
1975
4254
4702
770
4395
7754
908
5309
7740
8577
3319
9737
9929
5042
6288
3777
2900
4888
8823
240
2924
5149
8120
480
2735
6633
7366
3020
5545
8677
5516
6715
3655
4821
9288
8627
2082
5698
456
197
1029
178
1383
6617
5267
1636
4248
9295
2461
7355
8898
4985
5551
8080
3438
9176
2683
3559
5458
1251
3181
7409
803
6756
6239
4136
1185
9215
4106
4158
41
8819
5717
768
5650
4078
5707
8978
8259
9472
9866
939
3165
3993
8407
7407
3213
5571
4513
4412
5472
7484
9733
435
1400
7315
4029
8528
5473
63
6812
5448
5083
5958
1448
7900
6172
6195
1426
5618
1562
864
8854
8653
2821
8002
8493
929
2065
8065
8379
157
4144
7104
7589
1938
5258
7694
4573
8868
8827
5748
1885
5045
7665
7294
7469
4695
1752
6833
1135
2947
6107
6970
1883
8237
2111
7298
6092
1645
3360
6174
1305
4654
1382
1411
9353
7293
327
4008
706
1246
5316
4623
995
4169
6693
5136
3287
4388
4494
1281
2721
745
5040
3293
7861
2696
7382
2760
7169
9861
3533
7390
8861
9138
8974
7173
3154
3649
4121
5057
4586
2948
9594
5276
3685
2018
6609
2007
1126
6694
3881
3703
6011
5075
597
8705
4905
1902
713
5239
1070
6795
2389
8807
6218
6217
7376
3247
9546
2004
5647
1343
3698
494
4152
6000
8367
324
8457
3626
2734
8816
3769
6836
5740
3675
5828
2768
6615
9289
4266
6508
8870
2406
9162
401
3261
5463
7246
9916
2433
9342
8711
3351
773
3936
7012
2643
7639
2704
9764
4354
9560
666
6542
888
9997
2599
2069
5637
9485
5709
3894
7779
2966
26
252
468
8234
3114
6509
3452
7882
4223
3490
4103
4580
6141
5124
6275
1154
8198
12
5795
8794
975
9475
7524
1996
5888
3085
8325
7088
825
4853
9377
8990
6910
8611
622
2754
4011
6993
369
967
557
3971
7109
1571
532
7899
7220
5341
2880
9071
7717
7505
3431
6643
3434
2008
139
3630
8334
7418
2731
265
9967
6595
4948
8769
2085
7940
6287
7199
8884
9379
7677
6442
1195
865
4491
9789
2595
4032
646
8377
8778
675
2194
2935
2515
6392
6846
2578
8539
9802
2607
9503
7354
8841
898
2435
9134
9179
9550
791
5452
1075
4098
1072
4309
490
1900
5537
8688
1080
7765
5235
560
4978
6978
2831
1794
5176
7632
5068
4900
9661
8962
4312
2227
5723
3012
1988
2561
1337
725
6634
8565
9607
1099
274
9931
8873
7302
5050
7181
3242
4496
9432
1575
6230
3021
644
1347
5325
2864
1437
7296
1507
7974
5594
1918
5055
6884
6690
9794
998
7841
976
7311
481
3762
2173
9621
9488
6402
6663
5064
757
8966
1073
3274
2417
4533
9279
1896
9701
3034
2672
8037
4854
5710
6343
5766
1579
2213
6108
4837
4848
7255
6533
789
2361
6071
7951
3193
3700
2367
2722
5111
1373
1661
8455
8143
5483
7728
3160
2726
293
2459
4878
1286
268
6467
330
2177
1128
183
3793
1512
8809
1398
771
538
5184
879
5879
1674
9831
7652
309
545
5275
9686
3928
9687
3583
5833
9876
9905
7253
5236
702
2474
5669
113
9224
993
5477
2612
5091
336
8436
2645
4652
4518
4867
7988
5645
6255
7208
6851
2941
3177
5598
4348
3163
3879
3485
3899
2280
9266
6844
8867
4097
9425
5353
3470
1920
5461
6858
1756
6203
6783
4851
4026
9323
2778
2043
6040
9524
4943
3051
850
9099
6864
7225
730
5444
1079
8571
3414
1304
6944
2241
4835
5577
8967
8336
2939
8270
5587
3499
9961
7598
5522
3212
2251
4468
3678
6579
3246
8810
7828
9702
4051
4904
8129
1768
4099
2395
360
7714
9667
8584
2224
7707
9499
7895
3822
8254
7108
658
6881
8051
1409
1460
3495
2184
729
6507
4572
3943
5992
5315
4944
9031
2662
7671
7432
4268
8674
7613
7592
936
2102
7389
137
4222
4455
9376
2665
7385
5512
1450
3562
5605
3551
3236
5250
1352
8652
5391
2000
1202
3202
8000
9491
3757
7138
6237
1671
4953
3818
2438
3340
3439
3560
4718
5387
7163
2636
6896
648
1886
6516
3393
7053
6929
152
8458
3759
8074
1201
8344
4013
8145
1522
9913
4739
549
5175
1931
1414
9111
5392
4955
4753
9335
7365
9271
9897
8585
3588
5589
6390
181
9009
5655
4761
9272
9726
2364
7456
7986
1249
3185
2622
6861
5210
1832
6475
1103
280
3376
8440
8664
8947
6813
3298
772
8668
9940
3763
6956
8724
9458
3364
7958
6397
7329
9346
8384
4751
5675
8526
110
8211
3877
3597
5372
6981
1539
552
6527
6493
6338
4294
8702
696
9585
9724
963
1004
4767
6829
662
4046
7701
1363
7063
4553
4504
3342
9482
3517
5664
4076
8416
747
1317
8340
2249
5857
7216
7534
6212
34
9652
98
4053
1825
1120
6801
1188
5240
55
